167.34639406204224
240.07507419586182
98.48232197761536
51.81688594818115
17.425822019577026
27.422296047210693
38.788004875183105
36.784854888916016
32.36870193481445
46.961179971694946
47.61371612548828
30.81759786605835
35.046485900878906
33.684733867645264
33.92352485656738
34.154345989227295
34.150712728500366
35.5246000289917
34.290597915649414
36.49873375892639
35.02502679824829
34.577823877334595
35.887343883514404
36.428282737731934
36.46817994117737
36.639371156692505
35.72041296958923
33.926613092422485
34.15622019767761
35.38097929954529
35.73441410064697
36.7045533657074
35.50009608268738